  1    1.0080     File: AP0ATW.DAT
  2    4.0030
  3    6.9390     GRAM MOLECULAR WEIGHTS (ATOMIC WEIGHTS)
  4    9.0122
  5   10.8110
  6   12.0112
  7   14.0067
  8   15.9994
  9   18.9984
 10   20.1830
 11   22.9898
 12   24.3120
 13   26.981
 14   28.0860
 15   30.9738
 16   32.0640
 17   35.4530
 18   39.9480
 19   39.1020
 20   40.0800
 21   44.9560
 22   47.9000
 23   50.9410
 24   51.9920
 25   54.9380
 26   55.8470
 27   58.9332
 28   58.7100
 29   63.54
 30   65.3700
 31   69.7200
 32   72.5900
 33   74.9216
 34   78.9600
 35   79.9090
 36   83.8000
 37   85.4700
 38   87.6200
 39   88.9050
 40   91.2200
 41   92.9060
 42   95.9400
 43   97.0000
 44  101.0700
 45  102.9050
 46  106.4000
 47  107.87
 48  112.4000
 49  114.8200
 50  118.6900
 51  121.7500
 52  127.6000
 53  126.9040
 54  131.3000
 55  132.9050
 56  137.3400
 57  138.9100
 58  140.1200
 59  140.9070
 60  144.2400
 61  145.0000
 62  150.3500
 63  151.9600
 64  157.2500
 65  158.9240
 66  162.5000
 67  164.9300
 68  167.2600
 69  168.9340
 70  173.0400
 71  174.9700
 72  178.4900
 73  180.9480
 74  183.8500
 75  186.2000
 76  190.2000
 77  192.2000
 78  195.0900
 79  196.97
 80  200.5900
 81  204.3700
 82  207.1900
 83  208.9800
 84  209.0000
 85  210.0000
 86  222.0000
 87  223.0000
 88  226.0000
 89  227.0000
 90  232.0380
 91  231.0000
 92  238.0300
 93  237.0000
 94  244.0000
 95  243.0000
 96  247.0000
 97  247.0000
 98  251.0000
 99  252.0000
100  253.0000


