01 00.0091827 .0053496 00.697410   0.48493 0316.07 1.01430 09329.300 .0539890
02 00.1139300 .0051984 01.082200   0.39252 1081.00 1.06450 04068.500 .0176990
03 00.8583700 .0050147 01.604400   0.38844 1337.30 1.04700 02659.200 .0189800
04 00.8781000 .0051049 05.423200   0.20320 1200.60 1.02110 01401.800 .0385290
05 01.4608000 .0048836 02.338000   0.44249 1801.30 1.03520 01784.100 .0202400
06 03.2579000 .0049148 02.715600   0.36473 2092.20 1.02910 02643.600 .0182370
07 00.5967400 .0050837 04.207300   0.30612 2394.20 1.02550 04892.100 .0160060
08 00.7525300 .0050314 04.082400   0.30067 2455.80 1.01810 05069.700 .0174260
09 01.2260000 .0051385 03.224600   0.32703 2525.00 1.01420 07563.600 .0194690
10 01.0332000 .0051645 03.004000   0.33889 2338.60 0.99997 06991.200 .0217990
11 06.0972000 .0044292 03.192900   0.45763 1363.30 0.95182 02380.600 .0818350
12 14.0130000 .0043646 02.264100   0.36326 2187.40 0.99098 06264.800 .0462000
13 00.0390010 .0045415 05.546300   0.39562 1589.20 0.95316 00816.160 .0474840
14 02.0720000 .0044516 03.558500   0.53933 1515.20 0.93161 01790.300 .0351980
15 17.5750000 .0038346 00.078694   1.23880 2806.00 0.97284 01037.600 .0128790
16 16.1260000 .0038315 00.054164   1.31040 2813.30 0.96587 01251.400 .0118470
17 03.2170000 .0044579 03.669600   0.50910 2734.60 0.96253 02187.500 .0169070
18 02.0379000 .0044775 03.074300   0.54773 3505.00 0.97575 01714.000 .0117010
19 00.7417100 .0043051 01.151500   0.95083 0917.21 0.87820 00389.930 .1892600
20 09.1316000 .0043809 05.461100   0.31327 3891.80 0.97933 06267.900 .0151960
21 07.2247000 .0043718 06.101700   0.37511 2829.20 0.95218 06376.100 .0203980
22 00.1470000 .0048456 06.348500   0.41057 2164.10 0.94028 05292.600 .0502630
23 05.0611000 .0039867 02.617400   0.57957 2218.90 0.92361 06323.000 .0256690
24 00.5326700 .0042968 00.390050   1.27250 1872.70 0.90776 00064.166 .0301070
25 00.4769700 .0043038 00.314520   1.32890 1920.50 0.90649 00045.576 .0274690
26 00.0274260 .0035443 00.031563   2.17550 1919.50 0.90099 00023.902 .0253630
27 00.1638300 .0043042 00.073454   1.85920 1918.40 0.89678 00027.610 .0231840
28 04.2562000 .0043737 01.560600   0.72067 1546.80 0.87958 00302.020 .0409440
29 02.3508000 .0043237 02.882000   0.50113 1837.70 0.89992 02377.000 .0496500
30 03.1095000 .0038455 00.114770   1.50370 2184.70 0.89309 00067.306 .0165880
31 15.3220000 .0040306 00.653910   0.67668 3001.70 0.92484 03344.200 .0163660
32 03.6932000 .0044813 08.608000   0.27638 2982.70 0.92760 03166.600 .0308740
33 07.1373000 .0043134 09.424700   0.27937 2725.80 0.91597 03166.100 .0250080
34 04.8979000 .0042937 03.779300   0.50004 2824.50 0.91028 01282.400 .0170610
35 01.3683000 .0043024 02.567900   0.60822 6907.80 0.98170 00628.010 .0068055
36 01.8301000 .0042983 02.905700   0.60380 4744.60 0.94722 00936.640 .0092242
37 00.4205600 .0041169 00.016950   2.36160 2252.70 0.89192 00039.752 .0277570
38 30.7800000 .0037736 00.558130   0.76816 7113.20 0.97697 01604.400 .0065268
39 11.5760000 .0042119 07.024400   0.37764 4713.50 0.94264 02493.200 .0112700
40 06.2406000 .0041916 05.270100   0.49453 4234.60 0.93232 02063.900 .0118440
41 00.3307300 .0041243 01.724600   1.10620 1930.20 0.86907 00027.416 .0382080
42 00.0177470 .0041715 00.145860   1.73050 1803.60 0.86315 00029.669 .0321230
43 03.7229000 .0041768 04.628600   0.56769 1678.00 0.86202 03094.000 .0624400
44 00.1399800 .0041329 00.255730   1.42410 1919.30 0.86326 00072.797 .0322350
45 00.2859000 .0041386 00.313010   1.34240 1954.80 0.86175 00115.180 .0293420
46 00.7600200 .0042179 03.386000   0.76285 1867.40 0.85805 00069.994 .0364480
47 06.3957000 .0041935 05.468900   0.41378 1712.60 0.85397 18493.000 .0564710
48 03.4717000 .0041344 03.233700   0.63788 1116.40 0.81959 04766.000 .1179000
49 02.5265000 .0042282 04.532000   0.53562 1030.80 0.81652 16252.000 .1972200
50 07.3683000 .0041007 04.679100   0.51428 1160.00 0.82454 17965.000 .1331600
51 07.7197000 .0043880 03.242000   0.68434 1428.10 0.83398 01786.700 .0665120
52 16.7800000 .0041918 09.319800   0.29568 3370.90 0.90289 07431.700 .0261600
53 04.2132000 .0042098 04.675300   0.57945 3503.90 0.89261 01468.900 .0143590
54 04.0818000 .0042140 04.442500   0.58393 3945.30 0.90281 01340.500 .0134140
55 00.1851700 .0036215 00.00058788 3.53150 2931.30 0.88936 00026.180 .0263930
56 04.8248000 .0041458 06.09340    0.57026 2300.10 0.86359 02980.700 .0386790
57 00.4985700 .0041054 01.97750    0.95877 0786.55 0.78509 00806.600 .4088200
58 03.2754000 .0042177 05.76800    0.54054 6631.30 0.94282 00744.070 .0083026
59 02.9978000 .0040901 04.52990    0.62025 2161.20 0.85669 01268.600 .0430310
60 02.8701000 .0040960 04.25680    0.61380 2130.40 0.85235 01704.100 .0393850
61 10.8530000 .0041149 05.89070    0.46834 2857.20 0.87550 03654.200 .0299550
62 03.6407000 .0041782 04.87420    0.57861 1267.70 0.82211 03508.200 .2417400
63 17.6450000 .0040992 06.58550    0.32734 3931.30 0.90754 05156.700 .0362780
64 07.5309000 .0040814 04.93890    0.50679 2519.70 0.85819 03314.600 .0305140
65 05.4742000 .0040829 04.89700    0.51113 2340.10 0.85296 02342.700 .0356620
66 04.2661000 .0040667 04.50320    0.55257 2076.40 0.84151 01666.600 .0408010
67 06.8313000 .0040486 04.39870    0.51675 2003.00 0.83437 01410.400 .0347800
68 01.2707000 .0040553 04.62950    0.57428 1626.30 0.81858 00995.680 .0553190
69 05.7561000 .0040491 04.35700    0.52496 2207.30 0.83796 01579.500 .0271650
70 14.1270000 .0040596 05.83040    0.37755 3645.90 0.87823 03411.800 .0163920
71 06.6948000 .0040603 04.93610    0.47961 2719.00 0.85249 01885.800 .0197130
72 03.0619000 .0040511 03.58030    0.59082 2346.10 0.83713 01222.000 .0200720
73 10.8110000 .0033008 01.37670    0.76512 2003.70 0.82269 01110.600 .0249580
74 02.7101000 .0040961 01.22890    0.98598 1232.40 0.79066 00155.420 .0472940
75 00.5234500 .0040244 01.40380    0.85510 1461.40 0.79677 00503.340 .0367890
76 00.4616000 .0040203 01.30140    0.87043 1473.50 0.79687 00443.090 .0363010
77 00.9781400 .0040374 02.01270    0.72250 1890.80 0.81747 00930.700 .0276900
78 03.2086000 .0040510 03.66580    0.53618 3091.20 0.85602 01508.100 .0154010
79 02.0035000 .0040431 07.48820    0.35610 4464.30 0.88836 03966.500 .0128390
80 15.4300000 .0039432 01.12370    0.70703 4595.70 0.88437 01576.500 .0088534
81 03.1512000 .0040524 04.09960    0.54250 3246.30 0.85772 01691.800 .0150580
82 07.1896000 .0040588 08.69270    0.35842 4760.60 0.88833 02888.300 .0110290
83 09.3209000 .0040540 11.54300    0.32027 4866.20 0.89124 03213.400 .0119350
84 29.2420000 .0036195 00.16864    1.12260 5688.00 0.89812 01033.300 .0071303
85 01.8522000 .0039973 03.15560    0.65096 3755.00 0.86383 01602.000 .0120420
86 03.2220000 .0040041 05.90240    0.52678 4040.20 0.86804 01658.400 .0117470
87 09.3412000 .0039661 07.92100    0.42977 5180.90 0.88773 02173.200 .0092007
88 36.1830000 .0036003 00.58341    0.86747 6990.20 0.91082 01417.100 .0062187
89 05.9284000 .0039695 06.40820    0.52122 4619.50 0.88083 02323.500 .0116270
90 05.2454000 .0039744 06.79690    0.48542 4586.30 0.87794 02481.500 .0112820
91 33.7020000 .0036901 00.47257    0.89235 5295.70 0.88930 02053.300 .0091908
92 02.7589000 .0039806 03.20920    0.66122 2505.40 0.82863 02065.100 .0228160


